0
0
0
0
0
0
0
0
20
20
0
0
0
0
30
0
30
3
3
3
3
3
40
0
30
60
20
0
13
3
30
30
0
30
40
40
30
50
20
20
20
30
30
13
30
0
20
0
30
30
30
40
0
50
40
13
0
3
0
20
0
13
13
13
13
13
13
13
13
13
13
13
20
20
13
30
60
50
40
40
30
60
40
30
20
50
30
30
60
20
30
40
20
30
60
40
30
60
50
30
50
40
30
20
13
50
60
40
30
30
60
40
20
20
20
40
40
20
30
30
13
20
40
50
20
20
13
20
20
30
30
30
13
20
30
3
20
40
30
20
60
40
40
20
30
30
60
60
40
30
20
30
13
20
30
20
20
20
20
20
40
40
30
40
30
40
20
20
40
30
50
30
50
30
20
40
40
60
50
20
20
20
20
40
13
30
20
20
50
30
20
50
30
60
40
20
20
30
50
30
20
30
13
20
20
30
20
20
30
30
40
30
50
40
40
20
20
20
20
40
50
40
50
20
20
40
30
30
20
50
20
20
20
40
50
30
20
60
50
13
60
20
60
50
30
30
30
30
50
20
20
30
30
30
50
50
30
20

