0
0
0
0
0
0
0
0
30
30
0
0
0
0
20
0
30
3
3
3
3
3
40
0
40
50
20
0
13
3
30
30
0
20
30
30
20
40
20
20
20
30
30
3
30
0
20
0
20
20
20
30
0
40
20
3
0
0
0
20
0
13
13
3
13
3
13
13
20
13
3
3
30
20
20
30
80
40
40
30
30
60
20
30
20
50
30
40
70
30
40
30
13
30
70
30
40
70
50
20
50
30
30
20
13
40
50
50
30
30
60
30
13
20
30
40
40
20
30
30
20
30
40
60
30
20
20
20
20
30
40
40
20
20
30
13
30
40
30
30
70
40
40
20
20
30
70
50
40
30
20
30
20
20
30
30
30
40
40
30
40
50
30
50
20
30
20
20
40
30
50
30
40
30
20
30
30
60
50
20
30
30
20
40
13
50
30
30
50
30
20
50
30
60
40
20
30
30
40
30
20
40
13
20
30
40
30
30
30
30
30
20
40
40
50
20
40
30
30
40
40
30
30
20
20
50
40
40
30
40
20
13
30
50
50
40
30
60
50
20
50
30
60
30
40
30
30
30
40
20
30
50
30
30
40
40
30
13









